# Made in Blockbench 4.5.2
mtllib custom_model.mtl

o cube
v 0.5 1 0.5
v 0.5 1 -0.5
v 0.5 0 0.5
v 0.5 0 -0.5
v -0.5 1 -0.5
v -0.5 1 0.5
v -0.5 0 -0.5
v -0.5 0 0.5
vt 0.16666666666666666 0.8333333333333334
vt 0.3333333333333333 0.8333333333333334
vt 0.3333333333333333 0.6666666666666667
vt 0.16666666666666666 0.6666666666666667
vt 0 0.8333333333333334
vt 0.16666666666666666 0.8333333333333334
vt 0.16666666666666666 0.6666666666666667
vt 0 0.6666666666666667
vt 0.5 0.8333333333333334
vt 0.6666666666666666 0.8333333333333334
vt 0.6666666666666666 0.6666666666666667
vt 0.5 0.6666666666666667
vt 0.3333333333333333 0.8333333333333334
vt 0.5 0.8333333333333334
vt 0.5 0.6666666666666667
vt 0.3333333333333333 0.6666666666666667
vt 0.3333333333333333 0.8333333333333334
vt 0.16666666666666666 0.8333333333333334
vt 0.16666666666666666 1
vt 0.3333333333333333 1
vt 0.5 1
vt 0.3333333333333333 1
vt 0.3333333333333333 0.8333333333333334
vt 0.5 0.8333333333333334
vn 0 0 -1
vn 1 0 0
vn 0 0 1
vn -1 0 0
vn 0 1 0
vn 0 -1 0
usemtl m_2737a301-a0a6-3223-b811-2d3a68f1ca21
f 4/4/1 7/3/1 5/2/1 2/1/1
f 3/8/2 4/7/2 2/6/2 1/5/2
f 8/12/3 3/11/3 1/10/3 6/9/3
f 7/16/4 8/15/4 6/14/4 5/13/4
f 6/20/5 1/19/5 2/18/5 5/17/5
f 7/24/6 4/23/6 3/22/6 8/21/6
o cube
v -0.16588908523912793 1.0553957089830364 0.3791793228259144
v -0.21807117049818336 1.0930923703205426 0.27202993317752666
v -0.13811819757965343 0.9452928291177982 0.32691907364945416
v -0.19030028283870887 0.9829894904553043 0.21976968400106633
v -0.32821111682385357 1.0474709107934055 0.3096181581155608
v -0.27602903156479813 1.0097742494558992 0.41676754776394853
v -0.30044022916437907 0.9373680309281669 0.2573579089391005
v -0.24825814390532364 0.8996713695906609 0.3645072985874883
vt 0.052083333333333336 0.625
vt 0.07291666666666667 0.625
vt 0.07291666666666667 0.6041666666666667
vt 0.052083333333333336 0.6041666666666667
vt 0.03125 0.625
vt 0.052083333333333336 0.625
vt 0.052083333333333336 0.6041666666666667
vt 0.03125 0.6041666666666667
vt 0.09375 0.625
vt 0.11458333333333333 0.625
vt 0.11458333333333333 0.6041666666666667
vt 0.09375 0.6041666666666667
vt 0.07291666666666667 0.625
vt 0.09375 0.625
vt 0.09375 0.6041666666666667
vt 0.07291666666666667 0.6041666666666667
vt 0.07291666666666667 0.625
vt 0.052083333333333336 0.625
vt 0.052083333333333336 0.6458333333333333
vt 0.07291666666666667 0.6458333333333333
vt 0.09375 0.6458333333333333
vt 0.07291666666666667 0.6458333333333333
vt 0.07291666666666667 0.625
vt 0.09375 0.625
vn -0.41745668207244346 0.3015732907000501 -0.8571951171871023
vn 0.8811195706053618 0.3649716762170987 -0.3007057995042731
vn 0.41745668207244346 -0.3015732907000501 0.8571951171871023
vn -0.8811195706053618 -0.3649716762170987 0.3007057995042731
vn -0.22216710127579595 0.8808230389219076 0.4180819934116822
vn 0.22216710127579595 -0.8808230389219076 -0.4180819934116822
usemtl m_2737a301-a0a6-3223-b811-2d3a68f1ca21
f 12/28/7 15/27/7 13/26/7 10/25/7
f 11/32/8 12/31/8 10/30/8 9/29/8
f 16/36/9 11/35/9 9/34/9 14/33/9
f 15/40/10 16/39/10 14/38/10 13/37/10
f 14/44/11 9/43/11 10/42/11 13/41/11
f 15/48/12 12/47/12 11/46/12 16/45/12
o cube
v -0.18513025325252236 1.0444421755924889 -0.08763464596998777
v -0.2968829824901875 1.057463868274756 -0.14210264600323375
v -0.18641390998327056 0.9223045093922493 -0.11420046462020828
v -0.2981666392209357 0.9353262020745161 -0.16866846465345425
v -0.3528711931539576 1.0342727920848205 -0.032775182610809306
v -0.24111846391629244 1.0212510994025534 0.021692817422436672
v -0.3541548498847058 0.9121351258845807 -0.05934100126102981
v -0.2424021206470406 0.8991134332023138 -0.004873001227783835
vt 0.03125 0.6458333333333333
vt 0.052083333333333336 0.6458333333333333
vt 0.052083333333333336 0.625
vt 0.03125 0.625
vt 0.010416666666666666 0.6458333333333333
vt 0.03125 0.6458333333333333
vt 0.03125 0.625
vt 0.010416666666666666 0.625
vt 0.07291666666666667 0.6458333333333333
vt 0.09375 0.6458333333333333
vt 0.09375 0.625
vt 0.07291666666666667 0.625
vt 0.052083333333333336 0.6458333333333333
vt 0.07291666666666667 0.6458333333333333
vt 0.07291666666666667 0.625
vt 0.052083333333333336 0.625
vt 0.052083333333333336 0.6458333333333333
vt 0.03125 0.6458333333333333
vt 0.03125 0.6666666666666667
vt 0.052083333333333336 0.6666666666666667
vt 0.07291666666666667 0.6666666666666667
vt 0.052083333333333336 0.6666666666666667
vt 0.052083333333333336 0.6458333333333333
vt 0.07291666666666667 0.6458333333333333
vn -0.8940218339013216 0.1041735414581356 -0.435744000265968
vn 0.44790568531016056 0.18552860951948402 -0.8746197071393956
vn 0.8940218339013216 -0.1041735414581356 0.435744000265968
vn -0.44790568531016056 -0.18552860951948402 0.8746197071393956
vn 0.010269253845985553 0.9771013296019186 0.212526549201764
vn -0.010269253845985553 -0.9771013296019186 -0.212526549201764
usemtl m_2737a301-a0a6-3223-b811-2d3a68f1ca21
f 20/52/13 23/51/13 21/50/13 18/49/13
f 19/56/14 20/55/14 18/54/14 17/53/14
f 24/60/15 19/59/15 17/58/15 22/57/15
f 23/64/16 24/63/16 22/62/16 21/61/16
f 22/68/17 17/67/17 18/66/17 21/65/17
f 23/72/18 20/71/18 19/70/18 24/69/18
o cube
v -0.1776337556942978 1.0009441402311174 0.0749638377814753
v -0.20054265153859108 1.0355041120418045 0.02819802933513449
v -0.16254973702769804 0.9559323157731523 0.034310940715817195
v -0.18545863287199138 0.9904922875838393 -0.012454867730523622
v -0.2567022889311259 1.0093164430464578 0.036355916348887685
v -0.23379339308683256 0.9747564712357708 0.0831217247952285
v -0.2416182702645261 0.9643046185884927 -0.004296980716770427
v -0.2187093744202328 0.9297446467778057 0.04246882772957039
vt 0.041666666666666664 0.6354166666666667
vt 0.052083333333333336 0.6354166666666667
vt 0.052083333333333336 0.625
vt 0.041666666666666664 0.625
vt 0.03125 0.6354166666666667
vt 0.041666666666666664 0.6354166666666667
vt 0.041666666666666664 0.625
vt 0.03125 0.625
vt 0.0625 0.6354166666666667
vt 0.07291666666666667 0.6354166666666667
vt 0.07291666666666667 0.625
vt 0.0625 0.625
vt 0.052083333333333336 0.6354166666666667
vt 0.0625 0.6354166666666667
vt 0.0625 0.625
vt 0.052083333333333336 0.625
vt 0.052083333333333336 0.6354166666666667
vt 0.041666666666666664 0.6354166666666667
vt 0.041666666666666664 0.6458333333333333
vt 0.052083333333333336 0.6458333333333333
vt 0.0625 0.6458333333333333
vt 0.052083333333333336 0.6458333333333333
vt 0.052083333333333336 0.6354166666666667
vt 0.0625 0.6354166666666667
vn -0.36654233350869336 0.5529595489709915 -0.7482529351414531
vn 0.8985541982805565 0.4190027039255485 -0.13052619222005163
vn 0.36654233350869336 -0.5529595489709915 0.7482529351414531
vn -0.8985541982805565 -0.4190027039255485 0.13052619222005163
vn -0.24134429866559626 0.7201891913274435 0.65044635305053
vn 0.24134429866559626 -0.7201891913274435 -0.65044635305053
usemtl m_2737a301-a0a6-3223-b811-2d3a68f1ca21
f 28/76/19 31/75/19 29/74/19 26/73/19
f 27/80/20 28/79/20 26/78/20 25/77/20
f 32/84/21 27/83/21 25/82/21 30/81/21
f 31/88/22 32/87/22 30/86/22 29/85/22
f 30/92/23 25/91/23 26/90/23 29/89/23
f 31/96/24 28/95/24 27/94/24 32/93/24
o cube
v 0.41900963103075917 0.9921620041225556 0.014203403781520962
v 0.37823452390202306 1.0345835905073335 -0.0960816797395016
v 0.4523440736614486 0.8843636241814026 -0.039586225484389614
v 0.41156896653271235 0.9267852105661802 -0.14987130900541212
v 0.2648713659840233 0.9876270330242549 -0.0722305553174335
v 0.3056464731127595 0.945205446639477 0.03805452820358901
v 0.2982058086147126 0.8798286530831019 -0.12602018458334407
v 0.3389809157434487 0.837407066698324 -0.01573510106232151
vt 0.041666666666666664 0.6145833333333333
vt 0.0625 0.6145833333333333
vt 0.0625 0.59375
vt 0.041666666666666664 0.59375
vt 0.020833333333333332 0.6145833333333333
vt 0.041666666666666664 0.6145833333333333
vt 0.041666666666666664 0.59375
vt 0.020833333333333332 0.59375
vt 0.08333333333333333 0.6145833333333333
vt 0.10416666666666667 0.6145833333333333
vt 0.10416666666666667 0.59375
vt 0.08333333333333333 0.59375
vt 0.0625 0.6145833333333333
vt 0.08333333333333333 0.6145833333333333
vt 0.08333333333333333 0.59375
vt 0.0625 0.59375
vt 0.0625 0.6145833333333333
vt 0.041666666666666664 0.6145833333333333
vt 0.041666666666666664 0.6354166666666667
vt 0.0625 0.6354166666666667
vt 0.08333333333333333 0.6354166666666667
vt 0.0625 0.6354166666666667
vt 0.0625 0.6145833333333333
vt 0.08333333333333333 0.6145833333333333
vn -0.3262008570298892 0.3393726910782224 -0.8822806681681806
vn 0.9069052633439989 0.3756524598646277 -0.19080899537654483
vn 0.3262008570298892 -0.3393726910782224 0.8822806681681806
vn -0.9069052633439989 -0.3756524598646277 0.19080899537654483
vn -0.2666755410455142 0.8623870395292242 0.4303170341272845
vn 0.2666755410455142 -0.8623870395292242 -0.4303170341272845
usemtl m_2737a301-a0a6-3223-b811-2d3a68f1ca21
f 36/100/25 39/99/25 37/98/25 34/97/25
f 35/104/26 36/103/26 34/102/26 33/101/26
f 40/108/27 35/107/27 33/106/27 38/105/27
f 39/112/28 40/111/28 38/110/28 37/109/28
f 38/116/29 33/115/29 34/114/29 37/113/29
f 39/120/30 36/119/30 35/118/30 40/117/30
o cube
v 0.4031422351941272 0.9968899069504917 0.18733152864086422
v 0.28700216078792473 1.0418094907416389 0.1982271290810349
v 0.3587152287394826 0.8802741561397043 0.1945431692527706
v 0.24257515433328014 0.9251937399308514 0.20543876969294117
v 0.2997585009527488 1.0446375032710382 0.322542366002069
v 0.41589857535895136 0.9997179194798911 0.3116467655618984
v 0.2553314944981042 0.9280217524602508 0.32975400661397536
v 0.37147156890430677 0.8831021686691036 0.3188584061738047
vt 0.041666666666666664 0.6145833333333333
vt 0.0625 0.6145833333333333
vt 0.0625 0.59375
vt 0.041666666666666664 0.59375
vt 0.020833333333333332 0.6145833333333333
vt 0.041666666666666664 0.6145833333333333
vt 0.041666666666666664 0.59375
vt 0.020833333333333332 0.59375
vt 0.08333333333333333 0.6145833333333333
vt 0.10416666666666667 0.6145833333333333
vt 0.10416666666666667 0.59375
vt 0.08333333333333333 0.59375
vt 0.0625 0.6145833333333333
vt 0.08333333333333333 0.6145833333333333
vt 0.08333333333333333 0.59375
vt 0.0625 0.59375
vt 0.0625 0.6145833333333333
vt 0.041666666666666664 0.6145833333333333
vt 0.041666666666666664 0.6354166666666667
vt 0.0625 0.6354166666666667
vt 0.08333333333333333 0.6354166666666667
vt 0.0625 0.6354166666666667
vt 0.0625 0.6145833333333333
vt 0.08333333333333333 0.6145833333333333
vn -0.9291205952496203 0.35935667032917723 0.08716480352136514
vn -0.10205072131859276 -0.022624100235194126 -0.9945218953682734
vn 0.9291205952496203 -0.35935667032917723 -0.08716480352136514
vn 0.10205072131859276 0.022624100235194126 0.9945218953682734
vn 0.3554160516371568 0.9329260064862995 -0.0576931248952509
vn -0.3554160516371568 -0.9329260064862995 0.0576931248952509
usemtl m_2737a301-a0a6-3223-b811-2d3a68f1ca21
f 44/124/31 47/123/31 45/122/31 42/121/31
f 43/128/32 44/127/32 42/126/32 41/125/32
f 48/132/33 43/131/33 41/130/33 46/129/33
f 47/136/34 48/135/34 46/134/34 45/133/34
f 46/140/35 41/139/35 42/138/35 45/137/35
f 47/144/36 44/143/36 43/142/36 48/141/36
o cube
v 0.11705014546868786 1.0812142477843483 -0.14282861699913357
v 0.040406746493603984 1.0213338470451898 -0.2213469397070461
v 0.19696901865662197 0.9852199209012007 -0.14763100334577078
v 0.12032561968153799 0.9253395201620422 -0.22614932605368332
v -0.017591211245587268 0.9681885103394239 -0.12420369452492475
v 0.05905218772949672 1.0280689110785823 -0.04568537181701221
v 0.062327661942346735 0.8721941834562763 -0.12900608087156196
v 0.13897106091743072 0.9320745841954348 -0.05048775816364942
vt 0.041666666666666664 0.625
vt 0.0625 0.625
vt 0.0625 0.6041666666666667
vt 0.041666666666666664 0.6041666666666667
vt 0.020833333333333332 0.625
vt 0.041666666666666664 0.625
vt 0.041666666666666664 0.6041666666666667
vt 0.020833333333333332 0.6041666666666667
vt 0.08333333333333333 0.625
vt 0.10416666666666667 0.625
vt 0.10416666666666667 0.6041666666666667
vt 0.08333333333333333 0.6041666666666667
vt 0.0625 0.625
vt 0.08333333333333333 0.625
vt 0.08333333333333333 0.6041666666666667
vt 0.0625 0.6041666666666667
vt 0.0625 0.625
vt 0.041666666666666664 0.625
vt 0.041666666666666664 0.6458333333333333
vt 0.0625 0.6458333333333333
vt 0.08333333333333333 0.6458333333333333
vt 0.0625 0.6458333333333333
vt 0.0625 0.625
vt 0.08333333333333333 0.625
vn -0.6131471918006719 -0.47904320591326777 -0.6281465816633001
vn 0.46398366191353013 0.4251626936461281 -0.7771459614569709
vn 0.6131471918006719 0.47904320591326777 0.6281465816633001
vn -0.46398366191353013 -0.4251626936461281 0.7771459614569709
vn -0.6393509855034725 0.7679546150651791 0.038419090773097554
vn 0.6393509855034725 -0.7679546150651791 -0.038419090773097554
usemtl m_2737a301-a0a6-3223-b811-2d3a68f1ca21
f 52/148/37 55/147/37 53/146/37 50/145/37
f 51/152/38 52/151/38 50/150/38 49/149/38
f 56/156/39 51/155/39 49/154/39 54/153/39
f 55/160/40 56/159/40 54/158/40 53/157/40
f 54/164/41 49/163/41 50/162/41 53/161/41
f 55/168/42 52/167/42 51/166/42 56/165/42
o cube
v -0.311039497319974 1.0636214989635884 -0.408037973783553
v -0.387682896295058 1.00374109822443 -0.4865562964914655
v -0.23112062413204 0.967627172080441 -0.41284036013019015
v -0.307764023107124 0.9077467713412826 -0.49135868283810263
v -0.44568085403424923 0.950595761518664 -0.3894130513093441
v -0.36903745505916524 1.0104761622578224 -0.31089472860143164
v -0.3657619808463152 0.8546014346355166 -0.39421543765598127
v -0.28911858187123124 0.9144818353746751 -0.3156971149480688
vt 0.041666666666666664 0.625
vt 0.0625 0.625
vt 0.0625 0.6041666666666667
vt 0.041666666666666664 0.6041666666666667
vt 0.020833333333333332 0.625
vt 0.041666666666666664 0.625
vt 0.041666666666666664 0.6041666666666667
vt 0.020833333333333332 0.6041666666666667
vt 0.08333333333333333 0.625
vt 0.10416666666666667 0.625
vt 0.10416666666666667 0.6041666666666667
vt 0.08333333333333333 0.6041666666666667
vt 0.0625 0.625
vt 0.08333333333333333 0.625
vt 0.08333333333333333 0.6041666666666667
vt 0.0625 0.6041666666666667
vt 0.0625 0.625
vt 0.041666666666666664 0.625
vt 0.041666666666666664 0.6458333333333333
vt 0.0625 0.6458333333333333
vt 0.08333333333333333 0.6458333333333333
vt 0.0625 0.6458333333333333
vt 0.0625 0.625
vt 0.08333333333333333 0.625
vn -0.6131471918006719 -0.47904320591326777 -0.6281465816633001
vn 0.46398366191353013 0.4251626936461281 -0.7771459614569709
vn 0.6131471918006719 0.47904320591326777 0.6281465816633001
vn -0.46398366191353013 -0.4251626936461281 0.7771459614569709
vn -0.6393509855034725 0.7679546150651791 0.038419090773097554
vn 0.6393509855034725 -0.7679546150651791 -0.038419090773097554
usemtl m_2737a301-a0a6-3223-b811-2d3a68f1ca21
f 60/172/43 63/171/43 61/170/43 58/169/43
f 59/176/44 60/175/44 58/174/44 57/173/44
f 64/180/45 59/179/45 57/178/45 62/177/45
f 63/184/46 64/183/46 62/182/46 61/181/46
f 62/188/47 57/187/47 58/186/47 61/185/47
f 63/192/48 60/191/48 59/190/48 64/189/48
o cube
v 0.21199512870633497 1.0629013848040356 -0.3323476516938973
v 0.11669856519318578 0.9859285079045716 -0.35722216082280894
v 0.29077312547702283 0.9658616372940643 -0.3338690418471787
v 0.19547656196387364 0.8888887603946003 -0.35874355097609034
v 0.10751172395990782 0.9775103188917704 -0.2959768667840071
v 0.20280828747305701 1.0544831957912342 -0.27110235765509544
v 0.1862897207305957 0.8804705713817991 -0.2974982569372885
v 0.2815862842437449 0.957443448281263 -0.27262374780837684
vt 0.041666666666666664 0.625
vt 0.052083333333333336 0.625
vt 0.052083333333333336 0.6041666666666667
vt 0.041666666666666664 0.6041666666666667
vt 0.020833333333333332 0.625
vt 0.041666666666666664 0.625
vt 0.041666666666666664 0.6041666666666667
vt 0.020833333333333332 0.6041666666666667
vt 0.07291666666666667 0.625
vt 0.08333333333333333 0.625
vt 0.08333333333333333 0.6041666666666667
vt 0.07291666666666667 0.6041666666666667
vt 0.052083333333333336 0.625
vt 0.07291666666666667 0.625
vt 0.07291666666666667 0.6041666666666667
vt 0.052083333333333336 0.6041666666666667
vt 0.052083333333333336 0.625
vt 0.041666666666666664 0.625
vt 0.041666666666666664 0.6458333333333333
vt 0.052083333333333336 0.6458333333333333
vt 0.0625 0.6458333333333333
vt 0.052083333333333336 0.6458333333333333
vt 0.052083333333333336 0.625
vt 0.0625 0.625
vn -0.7623725081051932 -0.6157830151957111 -0.19899607303129324
vn 0.14698945973244665 0.13469102420481965 -0.9799247046208296
vn 0.7623725081051932 0.6157830151957111 0.19899607303129324
vn -0.14698945973244665 -0.13469102420481965 0.9799247046208296
vn -0.630223974165503 0.7763179800797707 0.01217112122625108
vn 0.630223974165503 -0.7763179800797707 -0.01217112122625108
usemtl m_2737a301-a0a6-3223-b811-2d3a68f1ca21
f 68/196/49 71/195/49 69/194/49 66/193/49
f 67/200/50 68/199/50 66/198/50 65/197/50
f 72/204/51 67/203/51 65/202/51 70/201/51
f 71/208/52 72/207/52 70/206/52 69/205/52
f 70/212/53 65/211/53 66/210/53 69/209/53
f 71/216/54 68/215/54 67/214/54 72/213/54
o cube
v 0.08159994142562843 1.0553957089830364 0.40575558778595744
v -0.022603485461301198 1.0930923703205426 0.34791436071541826
v 0.07437327333815513 0.9452928291177982 0.3470177710599812
v -0.02983015354877455 0.9829894904553043 0.28917654398944204
v -0.0912651275431347 1.0474709107934055 0.44187850992797684
v 0.012938299343794979 1.0097742494558992 0.499719736998516
v -0.098491795630608 0.9373680309281669 0.3831406932020006
v 0.005711631256321681 0.8996713695906609 0.4409819202725398
vt 0.052083333333333336 0.625
vt 0.07291666666666667 0.625
vt 0.07291666666666667 0.6041666666666667
vt 0.052083333333333336 0.6041666666666667
vt 0.03125 0.625
vt 0.052083333333333336 0.625
vt 0.052083333333333336 0.6041666666666667
vt 0.03125 0.6041666666666667
vt 0.09375 0.625
vt 0.11458333333333333 0.625
vt 0.11458333333333333 0.6041666666666667
vt 0.09375 0.6041666666666667
vt 0.07291666666666667 0.625
vt 0.09375 0.625
vt 0.09375 0.6041666666666667
vt 0.07291666666666667 0.6041666666666667
vt 0.07291666666666667 0.625
vt 0.052083333333333336 0.625
vt 0.052083333333333336 0.6458333333333333
vt 0.07291666666666667 0.6458333333333333
vt 0.09375 0.6458333333333333
vt 0.07291666666666667 0.6458333333333333
vt 0.07291666666666667 0.625
vt 0.09375 0.625
vn -0.8336274150954373 0.3015732907000501 -0.462729816564313
vn 0.5492931366546676 0.3649716762170988 -0.7517131937004684
vn 0.8336274150954373 -0.3015732907000501 0.462729816564313
vn -0.5492931366546676 -0.3649716762170988 0.7517131937004684
vn 0.057813344699786495 0.8808230389219076 0.4699025338078092
vn -0.057813344699786495 -0.8808230389219076 -0.4699025338078092
usemtl m_2737a301-a0a6-3223-b811-2d3a68f1ca21
f 76/220/55 79/219/55 77/218/55 74/217/55
f 75/224/56 76/223/56 74/222/56 73/221/56
f 80/228/57 75/227/57 73/226/57 78/225/57
f 79/232/58 80/231/58 78/230/58 77/229/58
f 78/236/59 73/235/59 74/234/59 77/233/59
f 79/240/60 76/239/60 75/238/60 80/237/60
o cube
v -0.10251156318181892 1.0009441402311174 0.1632933175332315
v -0.1481011977968032 1.0355041120418045 0.13812501278069111
v -0.11347300228124652 0.9559323157731523 0.12134057612298677
v -0.1590626368962308 0.9904922875838393 0.09617227137044637
v -0.18942530781192352 1.0093164430464578 0.17701940728746268
v -0.14383567319693924 0.9747564712357708 0.2021877120400032
v -0.20038674691135105 0.9643046185884927 0.13506666587721794
v -0.15479711229636678 0.9297446467778057 0.16023497062975844
vt 0.041666666666666664 0.6354166666666667
vt 0.052083333333333336 0.6354166666666667
vt 0.052083333333333336 0.625
vt 0.041666666666666664 0.625
vt 0.03125 0.6354166666666667
vt 0.041666666666666664 0.6354166666666667
vt 0.041666666666666664 0.625
vt 0.03125 0.625
vt 0.0625 0.6354166666666667
vt 0.07291666666666667 0.6354166666666667
vt 0.07291666666666667 0.625
vt 0.0625 0.625
vt 0.052083333333333336 0.6354166666666667
vt 0.0625 0.6354166666666667
vt 0.0625 0.625
vt 0.052083333333333336 0.625
vt 0.052083333333333336 0.6354166666666667
vt 0.041666666666666664 0.6354166666666667
vt 0.041666666666666664 0.6458333333333333
vt 0.052083333333333336 0.6458333333333333
vt 0.0625 0.6458333333333333
vt 0.052083333333333336 0.6458333333333333
vt 0.052083333333333336 0.6354166666666667
vt 0.0625 0.6354166666666667
vn -0.7294341538397486 0.5529595489709914 -0.4026928760406467
vn 0.6611857602419251 0.41900270392554845 -0.622310312108346
vn 0.7294341538397486 -0.5529595489709914 0.4026928760406467
vn -0.6611857602419251 -0.41900270392554845 0.622310312108346
vn 0.17538302559084118 0.7201891913274435 0.6712438625639162
vn -0.17538302559084118 -0.7201891913274435 -0.6712438625639162
usemtl m_2737a301-a0a6-3223-b811-2d3a68f1ca21
f 84/244/61 87/243/61 85/242/61 82/241/61
f 83/248/62 84/247/62 82/246/62 81/245/62
f 88/252/63 83/251/63 81/250/63 86/249/63
f 87/256/64 88/255/64 86/254/64 85/253/64
f 86/260/65 81/259/65 82/258/65 85/257/65
f 87/264/66 84/263/66 83/262/66 88/261/66
o cube
v 0.01395873679768811 1.0812142477843483 -0.18413555891011124
v -0.09386011988107462 1.0213338470451898 -0.20449315581648042
v 0.07666990950017194 0.9852199209012007 -0.23390902598375096
v -0.031148947178590847 0.9253395201620422 -0.2542666228901202
v -0.08565018914058264 0.9681885103394239 -0.0916518060209951
v 0.02216866753818003 1.0280689110785823 -0.07129420911462592
v -0.022939016438098814 0.8721941834562763 -0.14142527309463487
v 0.08487984024066386 0.9320745841954348 -0.12106767618826564
vt 0.041666666666666664 0.625
vt 0.0625 0.625
vt 0.0625 0.6041666666666667
vt 0.041666666666666664 0.6041666666666667
vt 0.020833333333333332 0.625
vt 0.041666666666666664 0.625
vt 0.041666666666666664 0.6041666666666667
vt 0.020833333333333332 0.6041666666666667
vt 0.08333333333333333 0.625
vt 0.10416666666666667 0.625
vt 0.10416666666666667 0.6041666666666667
vt 0.08333333333333333 0.6041666666666667
vt 0.0625 0.625
vt 0.08333333333333333 0.625
vt 0.08333333333333333 0.6041666666666667
vt 0.0625 0.6041666666666667
vt 0.0625 0.625
vt 0.041666666666666664 0.625
vt 0.041666666666666664 0.6458333333333333
vt 0.0625 0.6458333333333333
vt 0.08333333333333333 0.6458333333333333
vt 0.0625 0.6458333333333333
vt 0.0625 0.625
vt 0.08333333333333333 0.625
vn -0.862550853430102 -0.4790432059132677 -0.1628607752509537
vn -0.06567944592393607 0.42516269364612813 -0.9027307983638829
vn 0.862550853430102 0.4790432059132677 0.1628607752509537
vn 0.06567944592393607 -0.42516269364612813 0.9027307983638829
vn -0.5016893816198703 0.7679546150651789 0.39818773658911816
vn 0.5016893816198703 -0.7679546150651789 -0.39818773658911816
usemtl m_2737a301-a0a6-3223-b811-2d3a68f1ca21
f 92/268/67 95/267/67 93/266/67 90/265/67
f 91/272/68 92/271/68 90/270/68 89/269/68
f 96/276/69 91/275/69 89/274/69 94/273/69
f 95/280/70 96/279/70 94/278/70 93/277/70
f 94/284/71 89/283/71 90/282/71 93/281/71
f 95/288/72 92/287/72 91/286/72 96/285/72
o cube
v -0.016970538629122123 1.0629013848040356 -0.3938386687468627
v -0.10930034574677666 0.9859285079045716 -0.35955481045412263
v 0.04668798492815973 0.9658616372940643 -0.44027012125168963
v -0.04564182218949481 0.8888887603946003 -0.4059862629589496
v -0.08169690802552682 0.9775103188917704 -0.3041162469832513
v 0.010632899092127723 1.0544831957912342 -0.3384001052759913
v -0.018038384468244906 0.8804705713817991 -0.35054769948807823
v 0.07429142264940958 0.957443448281263 -0.38483155778081823
vt 0.041666666666666664 0.625
vt 0.052083333333333336 0.625
vt 0.052083333333333336 0.6041666666666667
vt 0.041666666666666664 0.6041666666666667
vt 0.020833333333333332 0.625
vt 0.041666666666666664 0.625
vt 0.041666666666666664 0.6041666666666667
vt 0.020833333333333332 0.6041666666666667
vt 0.07291666666666667 0.625
vt 0.08333333333333333 0.625
vt 0.08333333333333333 0.6041666666666667
vt 0.07291666666666667 0.6041666666666667
vt 0.052083333333333336 0.625
vt 0.07291666666666667 0.625
vt 0.07291666666666667 0.6041666666666667
vt 0.052083333333333336 0.6041666666666667
vt 0.052083333333333336 0.625
vt 0.041666666666666664 0.625
vt 0.041666666666666664 0.6458333333333333
vt 0.052083333333333336 0.6458333333333333
vt 0.0625 0.6458333333333333
vt 0.052083333333333336 0.6458333333333333
vt 0.052083333333333336 0.625
vt 0.0625 0.625
vn -0.7386384569412366 -0.6157830151957112 0.2742708663419204
vn -0.4416550035399987 0.13469102420481965 -0.8870170155339414
vn 0.7386384569412366 0.6157830151957112 -0.2742708663419204
vn 0.4416550035399987 -0.13469102420481965 0.8870170155339414
vn -0.5092681884582548 0.7763179800797707 0.37145162003861565
vn 0.5092681884582548 -0.7763179800797707 -0.37145162003861565
usemtl m_2737a301-a0a6-3223-b811-2d3a68f1ca21
f 100/292/73 103/291/73 101/290/73 98/289/73
f 99/296/74 100/295/74 98/294/74 97/293/74
f 104/300/75 99/299/75 97/298/75 102/297/75
f 103/304/76 104/303/76 102/302/76 101/301/76
f 102/308/77 97/307/77 98/306/77 101/305/77
f 103/312/78 100/311/78 99/310/78 104/309/78
o cube
v 0.1830040391705008 1.0548503925508403 0.04730402712898463
v 0.12161202018842798 1.0613612388919738 0.057044606435523115
v 0.16671500154520147 0.9327127263506005 0.026278857726566462
v 0.10532298256312866 0.9392235726917342 0.03601943703310495
v 0.13003442000173615 1.049765700797006 0.1178792731780387
v 0.19142643898380896 1.0432548544558726 0.10813869387150021
v 0.11374538237643683 0.9276280345967662 0.09685410377562054
v 0.17513740135850964 0.9211171882556326 0.08711352446908205
vt 0.03125 0.625
vt 0.041666666666666664 0.625
vt 0.041666666666666664 0.6041666666666667
vt 0.03125 0.6041666666666667
vt 0.020833333333333332 0.625
vt 0.03125 0.625
vt 0.03125 0.6041666666666667
vt 0.020833333333333332 0.6041666666666667
vt 0.052083333333333336 0.625
vt 0.0625 0.625
vt 0.0625 0.6041666666666667
vt 0.052083333333333336 0.6041666666666667
vt 0.041666666666666664 0.625
vt 0.052083333333333336 0.625
vt 0.052083333333333336 0.6041666666666667
vt 0.041666666666666664 0.6041666666666667
vt 0.041666666666666664 0.625
vt 0.03125 0.625
vt 0.03125 0.6354166666666667
vt 0.041666666666666664 0.6354166666666667
vt 0.052083333333333336 0.6354166666666667
vt 0.041666666666666664 0.6354166666666667
vt 0.041666666666666664 0.625
vt 0.052083333333333336 0.625
vn -0.9822723037131642 0.1041735414581356 0.15584926890461617
vn -0.13475839701293033 0.18552860951948408 -0.9733546678802504
vn 0.9822723037131642 -0.1041735414581356 -0.15584926890461617
vn 0.13475839701293033 -0.18552860951948408 0.9733546678802504
vn 0.13031230100239471 0.9771013296019186 0.1682013552193453
vn -0.13031230100239471 -0.9771013296019186 -0.1682013552193453
usemtl m_2737a301-a0a6-3223-b811-2d3a68f1ca21
f 108/316/79 111/315/79 109/314/79 106/313/79
f 107/320/80 108/319/80 106/318/80 105/317/80
f 112/324/81 107/323/81 105/322/81 110/321/81
f 111/328/82 112/327/82 110/326/82 109/325/82
f 110/332/83 105/331/83 106/330/83 109/329/83
f 111/336/84 108/335/84 107/334/84 112/333/84
o cube
v 0.3513793335606824 0.9921620041225556 -0.22869930371989466
v 0.25472139601141 1.0345835905073335 -0.2956519147019899
v 0.3478328465198608 0.8843636241814026 -0.29188103930647147
v 0.25117490897058836 0.9267852105661802 -0.35883365028856673
v 0.1755401764047998 0.9876270330242549 -0.2110917812409545
v 0.27219811395407223 0.945205446639477 -0.14413917025885925
v 0.17199368936397819 0.8798286530831019 -0.2742735168275313
v 0.2686516269132506 0.837407066698324 -0.20732090584543605
vt 0.041666666666666664 0.6145833333333333
vt 0.0625 0.6145833333333333
vt 0.0625 0.59375
vt 0.041666666666666664 0.59375
vt 0.020833333333333332 0.6145833333333333
vt 0.041666666666666664 0.6145833333333333
vt 0.041666666666666664 0.59375
vt 0.020833333333333332 0.59375
vt 0.08333333333333333 0.6145833333333333
vt 0.10416666666666667 0.6145833333333333
vt 0.10416666666666667 0.59375
vt 0.08333333333333333 0.59375
vt 0.0625 0.6145833333333333
vt 0.08333333333333333 0.6145833333333333
vt 0.08333333333333333 0.59375
vt 0.0625 0.59375
vt 0.0625 0.6145833333333333
vt 0.041666666666666664 0.6145833333333333
vt 0.041666666666666664 0.6354166666666667
vt 0.0625 0.6354166666666667
vt 0.08333333333333333 0.6354166666666667
vt 0.0625 0.6354166666666667
vt 0.0625 0.6145833333333333
vt 0.08333333333333333 0.6145833333333333
vn -0.7732635003941797 0.33937269107822243 -0.5356208878567619
vn 0.6334497568528814 0.3756524598646277 -0.6764810676882834
vn 0.7732635003941797 -0.33937269107822243 0.5356208878567619
vn -0.6334497568528814 -0.3756524598646277 0.6764810676882834
vn 0.02837189632657347 0.8623870395292241 0.5054538846926141
vn -0.02837189632657347 -0.8623870395292241 -0.5054538846926141
usemtl m_2737a301-a0a6-3223-b811-2d3a68f1ca21
f 116/340/85 119/339/85 117/338/85 114/337/85
f 115/344/86 116/343/86 114/342/86 113/341/86
f 120/348/87 115/347/87 113/346/87 118/345/87
f 119/352/88 120/351/88 118/350/88 117/349/88
f 118/356/89 113/355/89 114/354/89 117/353/89
f 119/360/90 116/359/90 115/358/90 120/357/90
o cube
v -0.2019149933478936 1.0444421755924889 0.03440025152449089
v -0.32469903131203914 1.057463868274756 0.053881410137567975
v -0.2182040309731929 0.9223045093922493 0.013375082122072723
v -0.34098806893733846 0.9353262020745161 0.03285624073514981
v -0.3078542316854228 1.0342727920848205 0.17555074362259915
v -0.1850701937212773 1.0212510994025534 0.15606958500952217
v -0.3241432693107222 0.9121351258845807 0.15452557422018098
v -0.20135923134657663 0.8991134332023138 0.135044415607104
vt 0.020833333333333332 0.625
vt 0.041666666666666664 0.625
vt 0.041666666666666664 0.6041666666666667
vt 0.020833333333333332 0.6041666666666667
vt 0 0.625
vt 0.020833333333333332 0.625
vt 0.020833333333333332 0.6041666666666667
vt 0 0.6041666666666667
vt 0.0625 0.625
vt 0.08333333333333333 0.625
vt 0.08333333333333333 0.6041666666666667
vt 0.0625 0.6041666666666667
vt 0.041666666666666664 0.625
vt 0.0625 0.625
vt 0.0625 0.6041666666666667
vt 0.041666666666666664 0.6041666666666667
vt 0.041666666666666664 0.625
vt 0.020833333333333332 0.625
vt 0.020833333333333332 0.6458333333333333
vt 0.041666666666666664 0.6458333333333333
vt 0.0625 0.6458333333333333
vt 0.041666666666666664 0.6458333333333333
vt 0.041666666666666664 0.625
vt 0.0625 0.625
vn -0.9822723037131642 0.1041735414581356 0.15584926890461617
vn -0.13475839701293033 0.18552860951948408 -0.9733546678802504
vn 0.9822723037131642 -0.1041735414581356 -0.15584926890461617
vn 0.13475839701293033 -0.18552860951948408 0.9733546678802504
vn 0.13031230100239471 0.9771013296019186 0.1682013552193453
vn -0.13031230100239471 -0.9771013296019186 -0.1682013552193453
usemtl m_2737a301-a0a6-3223-b811-2d3a68f1ca21
f 124/364/91 127/363/91 125/362/91 122/361/91
f 123/368/92 124/367/92 122/366/92 121/365/92
f 128/372/93 123/371/93 121/370/93 126/369/93
f 127/376/94 128/375/94 126/374/94 125/373/94
f 126/380/95 121/379/95 122/378/95 125/377/95
f 127/384/96 124/383/96 123/382/96 128/381/96
o cube
v 0.35593006401155947 0.9940618944210926 -0.17229622628681096
v 0.267043144310221 1.0389814782122397 -0.0967558629170342
v 0.3236740179750188 0.8774461436103049 -0.14090651209689037
v 0.23478709827368038 0.9223657274014521 -0.06536614872711355
v 0.34879681701118526 1.0418094907416389 -0.0022395185895202063
v 0.4376837367125237 0.9968899069504917 -0.07777988195929697
v 0.3165407709746446 0.9251937399308514 0.02915019560040033
v 0.40542769067598305 0.8802741561397043 -0.046390167769376434
vt 0.041666666666666664 0.6145833333333333
vt 0.0625 0.6145833333333333
vt 0.0625 0.59375
vt 0.041666666666666664 0.59375
vt 0.020833333333333332 0.6145833333333333
vt 0.041666666666666664 0.6145833333333333
vt 0.041666666666666664 0.59375
vt 0.020833333333333332 0.59375
vt 0.08333333333333333 0.6145833333333333
vt 0.10416666666666667 0.6145833333333333
vt 0.10416666666666667 0.59375
vt 0.08333333333333333 0.59375
vt 0.0625 0.6145833333333333
vt 0.08333333333333333 0.6145833333333333
vt 0.08333333333333333 0.59375
vt 0.0625 0.59375
vt 0.0625 0.6145833333333333
vt 0.041666666666666664 0.6145833333333333
vt 0.041666666666666664 0.6354166666666667
vt 0.0625 0.6354166666666667
vt 0.08333333333333333 0.6354166666666667
vt 0.0625 0.6354166666666667
vt 0.0625 0.6145833333333333
vt 0.08333333333333333 0.6145833333333333
vn -0.7110953576107077 0.35935667032917723 0.6043229069582146
vn -0.6540293816077135 -0.022624100235194095 -0.7561307546201117
vn 0.7110953576107077 -0.35935667032917723 -0.6043229069582146
vn 0.6540293816077135 0.022624100235194095 0.7561307546201117
vn 0.258048368292325 0.9329260064862996 -0.2511177135193647
vn -0.258048368292325 -0.9329260064862996 0.2511177135193647
usemtl m_2737a301-a0a6-3223-b811-2d3a68f1ca21
f 132/388/97 135/387/97 133/386/97 130/385/97
f 131/392/98 132/391/98 130/390/98 129/389/98
f 136/396/99 131/395/99 129/394/99 134/393/99
f 135/400/100 136/399/100 134/398/100 133/397/100
f 134/404/101 129/403/101 130/402/101 133/401/101
f 135/408/102 132/407/102 131/406/102 136/405/102
o cube
v -0.032332574423811655 1.0709179012559635 0.09132060775449924
v -0.1401514311025744 1.011037500516805 0.07096301084812995
v 0.030378598278672175 0.9749235743728162 0.04154714068085941
v -0.07744025840009061 0.9150431736336577 0.021189543774490227
v -0.13194150036208235 0.9578921638110391 0.18380436064361538
v -0.024122643683319622 1.0177725645501976 0.20416195754998456
v -0.06923032765959858 0.8618978369278918 0.13403089356997555
v 0.0385885290191641 0.9217782376670502 0.15438849047634484
vt 0.041666666666666664 0.625
vt 0.0625 0.625
vt 0.0625 0.6041666666666667
vt 0.041666666666666664 0.6041666666666667
vt 0.020833333333333332 0.625
vt 0.041666666666666664 0.625
vt 0.041666666666666664 0.6041666666666667
vt 0.020833333333333332 0.6041666666666667
vt 0.08333333333333333 0.625
vt 0.10416666666666667 0.625
vt 0.10416666666666667 0.6041666666666667
vt 0.08333333333333333 0.6041666666666667
vt 0.0625 0.625
vt 0.08333333333333333 0.625
vt 0.08333333333333333 0.6041666666666667
vt 0.0625 0.6041666666666667
vt 0.0625 0.625
vt 0.041666666666666664 0.625
vt 0.041666666666666664 0.6458333333333333
vt 0.0625 0.6458333333333333
vt 0.08333333333333333 0.6458333333333333
vt 0.0625 0.6458333333333333
vt 0.0625 0.625
vt 0.08333333333333333 0.625
vn -0.862550853430102 -0.4790432059132677 -0.1628607752509537
vn -0.06567944592393607 0.42516269364612813 -0.9027307983638829
vn 0.862550853430102 0.4790432059132677 0.1628607752509537
vn 0.06567944592393607 -0.42516269364612813 0.9027307983638829
vn -0.5016893816198703 0.7679546150651789 0.39818773658911816
vn 0.5016893816198703 -0.7679546150651789 -0.39818773658911816
usemtl m_2737a301-a0a6-3223-b811-2d3a68f1ca21
f 140/412/103 143/411/103 141/410/103 138/409/103
f 139/416/104 140/415/104 138/414/104 137/413/104
f 144/420/105 139/419/105 137/418/105 142/417/105
f 143/424/106 144/423/106 142/422/106 141/421/106
f 142/428/107 137/427/107 138/426/107 141/425/107
f 143/432/108 140/431/108 139/430/108 144/429/108
o cube
v -0.11364924112406949 1.0826937783171795 0.18156915961432096
v -0.15946703281265612 1.1597025172258637 0.09441765878688035
v -0.08348120379086993 1.0000989634414599 0.09272668059044253
v -0.12929899547945656 1.077107702350144 0.005575179763001814
v -0.27178630759772565 1.1061044698049014 0.1061065348841067
v -0.22596851590913902 1.0290957308962172 0.19325803571154743
v -0.2416182702645261 1.0235096549291818 0.017264055860228167
v -0.19580047857593946 0.9465009160204976 0.10441555668766878
vt 0.052083333333333336 0.625
vt 0.07291666666666667 0.625
vt 0.07291666666666667 0.6041666666666667
vt 0.052083333333333336 0.6041666666666667
vt 0.03125 0.625
vt 0.052083333333333336 0.625
vt 0.052083333333333336 0.6041666666666667
vt 0.03125 0.6041666666666667
vt 0.09375 0.625
vt 0.11458333333333333 0.625
vt 0.11458333333333333 0.6041666666666667
vt 0.09375 0.6041666666666667
vt 0.07291666666666667 0.625
vt 0.09375 0.625
vt 0.09375 0.6041666666666667
vt 0.07291666666666667 0.6041666666666667
vt 0.07291666666666667 0.625
vt 0.052083333333333336 0.625
vt 0.052083333333333336 0.6458333333333333
vt 0.07291666666666667 0.6458333333333333
vt 0.09375 0.6458333333333333
vt 0.07291666666666667 0.6458333333333333
vt 0.07291666666666667 0.625
vt 0.09375 0.625
vn -0.3665423335086933 0.6160699112694733 -0.6972120066195255
vn 0.8985541982805564 0.4287843793676989 -0.09351100877781116
vn 0.3665423335086933 -0.6160699112694733 0.6972120066195255
vn -0.8985541982805564 -0.4287843793676989 0.09351100877781116
vn -0.2413442986655962 0.6607585190057564 0.7107398321910282
vn 0.2413442986655962 -0.6607585190057564 -0.7107398321910282
usemtl m_2737a301-a0a6-3223-b811-2d3a68f1ca21
f 148/436/109 151/435/109 149/434/109 146/433/109
f 147/440/110 148/439/110 146/438/110 145/437/110
f 152/444/111 147/443/111 145/442/111 150/441/111
f 151/448/112 152/447/112 150/446/112 149/445/112
f 150/452/113 145/451/113 146/450/113 149/449/113
f 151/456/114 148/455/114 147/454/114 152/453/114
o cube
v 0.14441138723185853 1.2567629319848406 -0.10832739927971413
v 0.02944628876923261 1.177549109483265 -0.233485085660406
v 0.2642896970137596 1.1139472060765283 -0.12805325229336967
v 0.14932459855113367 1.0347333835749528 -0.2532109386740615
v -0.057550647839554325 1.0854345679712396 -0.09527258889287044
v 0.0574144506230716 1.164648390472815 0.02988509748782142
v 0.062327661942346735 0.9426188420629271 -0.11499844190652597
v 0.17729276040497277 1.0218326645645026 0.01015924447416583
vt 0.052083333333333336 0.6145833333333333
vt 0.08333333333333333 0.6145833333333333
vt 0.08333333333333333 0.5833333333333333
vt 0.052083333333333336 0.5833333333333333
vt 0.020833333333333332 0.6145833333333333
vt 0.052083333333333336 0.6145833333333333
vt 0.052083333333333336 0.5833333333333333
vt 0.020833333333333332 0.5833333333333333
vt 0.11458333333333333 0.6145833333333333
vt 0.14583333333333334 0.6145833333333333
vt 0.14583333333333334 0.5833333333333333
vt 0.11458333333333333 0.5833333333333333
vt 0.08333333333333333 0.6145833333333333
vt 0.11458333333333333 0.6145833333333333
vt 0.11458333333333333 0.5833333333333333
vt 0.08333333333333333 0.5833333333333333
vt 0.08333333333333333 0.6145833333333333
vt 0.052083333333333336 0.6145833333333333
vt 0.052083333333333336 0.6458333333333333
vt 0.08333333333333333 0.6458333333333333
vt 0.11458333333333333 0.6458333333333333
vt 0.08333333333333333 0.6458333333333333
vt 0.08333333333333333 0.6145833333333333
vt 0.11458333333333333 0.6145833333333333
vn -0.6131471918006719 -0.42247372000840216 -0.6675076606970234
vn 0.4639836619135301 0.49127755473080315 -0.7371333160935231
vn 0.6131471918006719 0.42247372000840216 0.6675076606970234
vn -0.4639836619135301 -0.49127755473080315 0.7371333160935231
vn -0.6393509855034725 0.7616838715109996 0.10520454940616289
vn 0.6393509855034725 -0.7616838715109996 -0.10520454940616289
usemtl m_2737a301-a0a6-3223-b811-2d3a68f1ca21
f 156/460/115 159/459/115 157/458/115 154/457/115
f 155/464/116 156/463/116 154/462/116 153/461/116
f 160/468/117 155/467/117 153/466/117 158/465/117
f 159/472/118 160/471/118 158/470/118 157/469/118
f 158/476/119 153/475/119 154/474/119 157/473/119
f 159/480/120 156/479/120 155/478/120 160/477/120
o cube
v -0.004636379452286732 1.0794432776195437 0.2187225525984614
v -0.09581564868225528 1.1526873235763708 0.1746016891145824
v -0.026559257651141865 0.9970750405424416 0.1272902774857394
v -0.11773852688111042 1.0703190864992687 0.0831694140018604
v -0.17846386871249592 1.0937315498753626 0.247529656816613
v -0.08728459948252737 1.0204875039185353 0.291650520300492
v -0.20038674691135105 1.0113633127982604 0.1560973817038911
v -0.1092074776813825 0.9381192668414333 0.2002182451877701
vt 0.052083333333333336 0.625
vt 0.07291666666666667 0.625
vt 0.07291666666666667 0.6041666666666667
vt 0.052083333333333336 0.6041666666666667
vt 0.03125 0.625
vt 0.052083333333333336 0.625
vt 0.052083333333333336 0.6041666666666667
vt 0.03125 0.6041666666666667
vt 0.09375 0.625
vt 0.11458333333333333 0.625
vt 0.11458333333333333 0.6041666666666667
vt 0.09375 0.6041666666666667
vt 0.07291666666666667 0.625
vt 0.09375 0.625
vt 0.09375 0.6041666666666667
vt 0.07291666666666667 0.6041666666666667
vt 0.07291666666666667 0.625
vt 0.052083333333333336 0.625
